0
3.45
-0.6675
2.40637
0.104981
1.86296
0.559884
1.56453
0.828209
1.40406
0.989713
1.32142
1.08989
1.28248
1.15465
1.26788
1.19876
1.26662
1.23066
1.27249
1.25517
1.28198
1.27507
1.29315
1.29195
1.30488
1.30676
1.31658
1.32005
1.32795
1.33216
1.33881
1.3433
1.34911
1.35362
1.35881
1.3632
1.36793
1.37214
1.37648
1.38047
1.38449
1.38825
1.39198
1.39552
1.39899
1.40231
1.40555
1.40866
1.41169
1.4146
1.41743
1.42015
1.42279
1.42534
1.42781
1.43019
1.4325
1.43473
1.43688
1.43897
1.44099
1.44293
1.44482
1.44664
1.44841
1.45011
1.45176
1.45335
1.45489
1.45638
1.45782
1.45922
1.46056
1.46187
1.46313
1.46434
1.46552
1.46666
1.46776
1.46883
1.46986
1.47085
1.47182
1.47275
1.47365
1.47452
1.47536
1.47617
1.47696
1.47772
1.47846
1.47917
1.47986
1.48052
1.48117
1.48179
1.48239
1.48297
1.48353
1.48408
1.4846
1.48511
1.4856
1.48608
1.48654
1.48698
1.48741
1.48783
1.48823
1.48862
1.489
1.48936
1.48971
1.49005
1.49038
1.4907
1.49101
1.4913
1.49159
1.49187
1.49214
1.4924
1.49265
1.49289
1.49313
1.49335
1.49357
1.49378
1.49399
1.49419
1.49438
1.49457
1.49475
1.49492
1.49509
1.49525
1.49541
1.49556
1.4957
1.49585
1.49598
1.49612
1.49624
1.49637
1.49649
1.4966
1.49672
1.49683
1.49693
1.49703
1.49713
1.49722
1.49732
1.4974
1.49749
1.49757
1.49765
1.49773
1.49781
1.49788
1.49795
1.49802
1.49808
1.49815
1.49821
1.49827
1.49832
1.49838
1.49843
1.49848
1.49853
1.49858
1.49863
