0
3.45
1.0575
2.93512
1.57254
2.64923
1.8845
2.50678
2.0816
2.44486
2.21214
2.42749
2.30363
2.4343
2.3718
2.45378
2.42565
2.47944
2.47038
2.50768
2.50901
2.53649
2.54331
2.5648
2.57435
2.59205
2.60278
2.61798
2.62903
2.64247
2.65339
2.66551
2.67605
2.68714
2.69718
2.7074
2.71691
2.72638
2.73533
2.74414
2.75254
2.76076
2.76863
2.7763
2.78367
2.79083
2.79773
2.80442
2.81087
2.81712
2.82316
2.82901
2.83465
2.84012
2.8454
2.85051
2.85544
2.86022
2.86484
2.8693
2.87362
2.8778
2.88183
2.88574
2.88951
2.89316
2.89669
2.9001
2.9034
2.90659
2.90968
2.91266
2.91555
2.91834
2.92104
2.92364
2.92617
2.92861
2.93096
2.93325
2.93545
2.93758
2.93964
2.94164
2.94357
2.94543
2.94723
2.94898
2.95066
2.95229
2.95387
2.95539
2.95687
2.95829
2.95967
2.961
2.96229
2.96353
2.96474
2.9659
2.96703
2.96812
2.96917
2.97019
2.97118
2.97213
2.97305
2.97394
2.9748
2.97563
2.97644
2.97722
2.97797
2.9787
2.9794
2.98008
2.98074
2.98138
2.98199
2.98259
2.98316
2.98372
2.98425
2.98478
2.98528
2.98576
2.98623
2.98669
2.98713
2.98755
2.98797
2.98836
2.98875
2.98912
2.98948
2.98983
2.99016
2.99049
2.9908
2.99111
2.9914
2.99168
2.99196
2.99222
2.99248
2.99273
2.99297
2.9932
2.99343
2.99364
2.99385
2.99406
2.99425
2.99444
2.99463
2.9948
2.99498
2.99514
2.9953
2.99546
2.99561
2.99575
2.99589
2.99603
2.99616
2.99629
2.99641
2.99653
2.99664
2.99675
2.99686
2.99696
2.99706
2.99716
